# This file may be used to create an environment using:
# $ conda create --name <env> --file <this file>
# platform: win-64
blas=1.0=mkl
ca-certificates=2022.12.7=h5b45459_0
certifi=2022.12.7=pyhd8ed1ab_0
cffi=1.15.1=py39h68f70e3_3
cryptography=38.0.4=py39h58e9bdb_0
dnspython=2.3.0=pyhd8ed1ab_0
glib=2.69.1=h5dc1a3c_2
gst-plugins-base=1.18.5=h9e645db_0
gstreamer=1.18.5=hd78058f_0
icu=58.2=ha925a31_3
idna=3.4=pyhd8ed1ab_0
intel-openmp=2021.4.0=haa95532_3556
jpeg=9e=h2bbff1b_0
libclang=12.0.0=default_h627e005_2
libffi=3.4.2=hd77b12b_6
libiconv=1.16=h2bbff1b_2
libogg=1.3.5=h2bbff1b_1
libpng=1.6.37=h2a8f88b_0
libprotobuf=3.21.12=h12be248_0
libvorbis=1.3.7=he774522_0
libwebp=1.2.4=h2bbff1b_0
libwebp-base=1.2.4=h2bbff1b_0
libxml2=2.9.14=h0ad7f3c_0
libxslt=1.1.35=h2bbff1b_0
libzlib=1.2.13=hcfcfb64_4
lz4-c=1.9.4=h2bbff1b_0
mkl=2021.4.0=haa95532_640
mkl-service=2.4.0=py39h2bbff1b_0
mkl_fft=1.3.1=py39h277e83a_0
mkl_random=1.2.2=py39hf11a4ad_0
mysql-common=8.0.32=hd2cd81a_0
mysql-connector-python=8.0.31=py39h25a42f0_2
mysql-libs=8.0.32=h4d1747d_0
numpy=1.23.5=py39h3b20f71_0
numpy-base=1.23.5=py39h4da318b_0
openssl=1.1.1t=hcfcfb64_0
packaging=22.0=py39haa95532_0
pcre=8.45=hd77b12b_0
pip=22.3.1=py39haa95532_0
ply=3.11=py39haa95532_0
protobuf=4.21.12=py39h99910a6_0
pycparser=2.21=pyhd8ed1ab_0
pyqt=5.15.7=py39hd77b12b_0
pyqt5-sip=12.11.0=py39hd77b12b_0
pyqtgraph=0.13.1=py39haa95532_0
python=3.9.13=h6244533_2
python_abi=3.9=2_cp39
qt=5.15.7=haa95532_0
qt-main=5.15.2=he8e5bd7_7
qt-webengine=5.15.9=hb9a9bb5_5
qtwebkit=5.212=h3ad3cdb_4
setuptools=65.6.3=py39haa95532_0
sip=6.6.2=py39hd77b12b_0
six=1.16.0=pyhd3eb1b0_1
sqlite=3.40.1=h2bbff1b_0
toml=0.10.2=pyhd3eb1b0_0
tzdata=2022g=h04d1e81_0
ucrt=10.0.22621.0=h57928b3_0
vc=14.2=h21ff451_1
vs2015_runtime=14.34.31931=h4c5c07a_10
wheel=0.37.1=pyhd3eb1b0_0
wincertstore=0.2=py39haa95532_2
zlib=1.2.13=hcfcfb64_4
zstd=1.5.2=h19a0ad4_0
